10
21
14
14
7
6
5
3
16
6
25
1
6
23
23
1
7
22
5
5
4
4
11
25
24
4
16
15
11
18
1
16
23
24
3
20
16
19
22
5
20
5
10
1
15
16
8
7
1
11
19
2
16
25
25
17
20
7
7
18
11
2
8
6
8
16
3
8
1
8
12
15
16
19
18
7
20
5
19
5
5
14
18
18
6
3
25
14
9
4
6
10
10
5
8
22
19
12
21
18
16
10
11
11
5
7
13
9
5
25
20
25
16
22
18
23
22
20
18
19
4
2
20
10
25
13
1
1
11
16
3
20
3
23
14
9
7
7
9
23
15
24
14
6
18
20
13
15
23
14
25
13
15
12
6
13
18
5
8
16
19
12
6
7
11
2
16
16
17
25
10
23
15
17
23
15
5
18
4
25
1
22
19
25
19
24
20
14
21
15
7
1
10
24
18
17
10
14
20
6
3
23
22
1
6
19
15
8
12
19
24
15
15
19
25
16
17
17
4
11
12
10
25
18
2
11
24
4
18
17
18
24
23
18
15
11
24
14
14
6
19
20
1
11
10
9
9
3
16
1
20
23
8
6
17
5
19
13
11
6
12
14
12
23
12
1
24
2
2
17
7
20
9
17
1
3
14
23
22
3
3
22
13
21
20
13
5
5
14
25
7
5
12
5
22
2
2
16
20
5
24
2
24
14
19
16
18
18
20
6
4
24
5
12
1
7
20
1
3
11
15
5
24
3
4
22
20
8
17
13
14
6
10
10
1
8
4
4
1
3
5
23
13
3
19
18
23
13
21
24
1
13
9
24
15
13
25
5
16
15
14
20
11
15
9
7
6
15
1
6
2
13
12
18
18
12
22
17
13
7
19
25
22
7
14
12
13
7
14
10
22
1
14
13
15
9
10
9
7
2
17
17
4
24
6
6
22
9
24
18
10
18
10
6
19
15
14
8
7
8
12
5
3
14
17
12
10
16
2
16
13
3
8
15
20
1
5
16
22
2
9
1
19
21
22
18
23
2
9
2
25
13
3
19
18
14
25
14
10
12
8
12
18
13
10
12
16
15
24
9
18
1
1
13
7
13
7
23
25
2
25
23
10
11
19
7
1
15
24
20
20
2
10
7
25
25
1
5
7
22